Матрица A:
   0   5   2   7
   3   1   6   0
   5   5   1   1
   7   8   9   5
Матрица B:
   0  28  28  28
   3  28  28  28
   5  28  28  28
   7   8   9   5
Матрица A:
   3   8   8   4
   5   1   0   3
   7   5   7   1
   9   5   0   5
Матрица B:
  12 284 284 284
 112 284 284 284
 156 284 284 284
 244 264 264 284
Матрица A:
   2   5   5   2
   4   1   4   3
   1   3   3   1
   5   8   0   5
Матрица B:
  16426565672426565672426565672
88736426565672426565672426565672
363469000426565672426565672426565672
-15846137842079916801663933440426565672
Матрица A:
   4   3   4   3
   5   4   6   7
   9   2   3   4
   0   2   8   2
Матрица B:
  32-1051851248-1051851248-1051851248
145640-1051851248-1051851248-1051851248
596561416-1051851248-1051851248-1051851248
-3208215041728395280942260416-1051851248
Матрица A:
   1   1   8   7   2
   8   2   0   8   2
   3   4   0   9   3
   4   0   9   4   9
   8   8   3   5   1
  20  59 183 5401608  28  70 206 6261864  22  64 184 5611668  30  82 255 7512254  33  91 260 7792328Матрица B:
  20   0   0   0   0
  28   0   0   0   0
  22   0   0   0   0
  30  82 255 7512254
  33   0   0   0   0
Матрица A:
   3   4   3   3   6
   3   1   8   4   1
   1   2   2   0   6
   4   6   5   7   5
   8   9   9   3   1
  22  64 187 5581674
  20  55 171 5011496
  12  36 106 314 948
  31  91 266 7952376
  38 107 312 9212758
Матрица B:
  22   0   0   0   0
  20   0   0   0   0
  12   0   0   0   0
  31  91 266 7952376
  38   0   0   0   0
Матрица A:
   1   7   8
   9   0   8
   8   3   6
  17  56 162
  26  60 188
  25  62 186
Матрица B:
  17   0   0
  26   0   0
  25   0   0
Матрица A:
   8   3   0
   5   8   1
   9   5   4
   0   0   0
   2   2   8
   8   8  32
Матрица B:
   0   0   0
   2   0   0
   8   0   0
Матрица A:
   0   2   7
   9   4   9
   4   2   9

  14  14  56
  18  18  72
  18  18  72
Матрица A:
   5   6   8
   1   9   5
   1   5   9

  24  68 200
  16  55 152
  16  51 152
Матрица A:
   5   0   9
   0   4   2
   7   7   7

  14   9  36
   6  10  24
  21  21  56
